../data-atsp/br17.atsp 0.000157356 0.000378544 39 0 0.0 50.1057 11.1057 0.284761538462 8.60908 17 429.7 127.218 
../data-atsp/ft53.atsp 0.00896429 0.00353788 8971 2066 0.299203475742 10958.4 4053.4 0.587023895728 704.775 53 13175.2 3537.28 
../data-atsp/ft70.atsp 0.0156719 0.00443725 43597 4924 0.127323972798 46163.7 7490.7 0.193693274377 1064.75 70 22325.9 6422.17 
../data-atsp/ftv170.atsp 0.321636 0.0646941 7452 4697 1.70490018149 7882.64 5127.64 1.8612123412 249.513 171 229593 47110.6 
../data-atsp/ftv33.atsp 0.00337838 0.0107853 1536 250 0.194401244168 1883.69 597.69 0.464766718507 136.434 34 3491.79 964.252 
../data-atsp/ftv35.atsp 0.00361011 0.00847547 1728 255 0.173116089613 2117.86 644.86 0.437786829599 147.089 36 4178.85 1155.31 
../data-atsp/ftv38.atsp 0.00269086 0.00154976 1813 283 0.184967320261 2200.65 670.65 0.438333333333 146.121 39 5052.98 1343.54 
../data-atsp/ftv44.atsp 0.00430901 0.00194534 2065 452 0.280223186609 2481.6 868.6 0.538499690019 166.459 45 7129.27 1904.8 
../data-atsp/ftv47.atsp 0.0104479 0.024042 2303 527 0.296734234234 2719.64 943.64 0.531328828829 195.684 48 8566.4 2098.48 
../data-atsp/ftv55.atsp 0.00937383 0.00708496 2193 585 0.363805970149 2793.27 1185.27 0.737108208955 210.509 56 12682.7 2932.9 
../data-atsp/ftv64.atsp 0.0150597 0.0117345 2843 1004 0.545948885264 3299.13 1460.13 0.793980424144 233.103 65 17983.9 4831.12 
../data-atsp/ftv70.atsp 0.0206327 0.0106113 3049 1099 0.56358974359 3593.53 1643.53 0.842835897436 250.833 71 23236.2 6900.8 
../data-atsp/p43.atsp 0.00438865 0.00970446 5666 46 0.00818505338078 8926.78 3306.78 0.588395017794 2622.79 43 5992.39 1525.66 
../data-atsp/rbg323.atsp 3.25864 1.11531 1639 313 0.23604826546 1691.27 365.27 0.275467571644 29.2671 323 967287 169679 
../data-atsp/rbg358.atsp 5.13082 0.957544 1530 367 0.315563198624 1608.36 445.36 0.382940670679 39.1135 358 1.40376e+006 207883 
../data-atsp/rbg403.atsp 4.86282 0.830806 2676 211 0.0855983772819 2774.18 309.18 0.125427991886 45.4749 403 1.4799e+006 250490 
../data-atsp/rbg443.atsp 7.83136 2.25587 2980 260 0.0955882352941 3046.82 326.82 0.120154411765 48.6206 443 1.97533e+006 492675 
../data-atsp/ry48p.atsp 0.00613497 0.00163368 17815 3393 0.235265566496 20866.2 6444.2 0.446831230065 1426.52 48 10844.8 2830.25 
