../data-atsp/ftv44.atsp 0.00139276 0.00346234 2998 1385 0.858648481091
../data-atsp/ftv47.atsp 0.00179856 0.00384068 3321 1545 0.869932432432
../data-atsp/rbg323.atsp 1.08 0.231752 1760 434 0.32730015083
../data-atsp/br17.atsp 4.23442e-05 0.000649345 97 58 1.48717948718
../data-atsp/rbg358.atsp 1.59091 0.220225 1688 525 0.451418744626
../data-atsp/ry48p.atsp 0.00230415 0.00421098 25668 11246 0.779780890306
../data-atsp/p43.atsp 0.00117233 0.00321698 11174 5554 0.988256227758
../data-atsp/rbg443.atsp 2.98909 0.418731 3110 390 0.143382352941
../data-atsp/ftv55.atsp 0.00286533 0.00452141 3402 1794 1.11567164179
../data-atsp/ftv38.atsp 0.000899281 0.00286079 2677 1147 0.749673202614
../data-atsp/rbg403.atsp 1.94909 0.327343 2798 333 0.13509127789
../data-atsp/ftv33.atsp 0.000520291 0.00222086 2326 1040 0.808709175739
../data-atsp/ft70.atsp 0.00628931 0.00495939 48910 10237 0.264706642877
../data-atsp/ft53.atsp 0.00283286 0.00450594 12796 5891 0.853149891383
../data-atsp/ftv70.atsp 0.00662252 0.00486744 4345 2395 1.22820512821
../data-atsp/ftv64.atsp 0.00478469 0.00499536 3927 2088 1.13539967374
../data-atsp/ftv35.atsp 0.000642674 0.00245229 2629 1156 0.784792939579
../data-atsp/ftv170.atsp 0.16 0.0364318 8279 5524 2.00508166969
