../data-atsp/ftv44.atsp 0.000159033 0.00125102 4570 2957 1.8332300062
../data-atsp/ftv47.atsp 0.000194856 0.00138224 4397 2621 1.47578828829
../data-atsp/rbg323.atsp 0.0485714 0.00349927 5634 4308 3.24886877828
../data-atsp/br17.atsp 9.58488e-06 0.000309446 97 58 1.48717948718
../data-atsp/rbg358.atsp 0.0693333 0.00249444 6473 5310 4.56577815993
../data-atsp/ry48p.atsp 0.000207814 0.00142652 24490 10068 0.698100124809
../data-atsp/p43.atsp 0.000154392 0.00123292 5835 215 0.038256227758
../data-atsp/rbg443.atsp 0.124545 0.0049793 8086 5366 1.97279411765
../data-atsp/ftv55.atsp 0.00030656 0.00172384 5026 3418 2.12562189055
../data-atsp/ftv38.atsp 0.000106895 0.00102836 3564 2034 1.32941176471
../data-atsp/rbg403.atsp 0.0972727 0.00445362 7292 4827 1.95821501014
../data-atsp/ftv33.atsp 7.32869e-05 0.000852935 2984 1698 1.32037325039
../data-atsp/ft70.atsp 0.000594177 0.00236405 59097 20424 0.528120394073
../data-atsp/ft53.atsp 0.000260146 0.00159179 14853 7948 1.15104996379
../data-atsp/ftv70.atsp 0.000596659 0.00236867 6599 4649 2.3841025641
../data-atsp/ftv64.atsp 0.000458716 0.00209207 6157 4318 2.34801522567
../data-atsp/ftv35.atsp 8.68659e-05 0.000927962 3423 1950 1.32382892057
../data-atsp/ftv170.atsp 0.00757576 0.0042855 17212 14457 5.24754990926
