../data-atsp/br17.atsp 2.5641e-005 0.000158224 97 58 1.48717948718 123.455 84.455 2.16551282051 20.8834 17 0 0 
../data-atsp/ft53.atsp 0.000642674 0.00120553 14853 7948 1.15104996379 17990.8 11085.8 1.60547429399 2211.08 53 0 0 
../data-atsp/ft70.atsp 0.001221 0.000414921 59097 20424 0.528120394073 63536.4 24863.4 0.642913660694 2683.58 70 0 0 
../data-atsp/ftv170.atsp 0.0179821 0.00562676 17212 14457 5.24754990926 20015.8 17260.8 6.26526315789 1627.47 171 0 0 
../data-atsp/ftv33.atsp 0.00016603 0.000396726 2984 1698 1.32037325039 3664.69 2378.69 1.84968118196 332.835 34 0 0 
../data-atsp/ftv35.atsp 0.000183486 0.000387065 3423 1950 1.32382892057 4124.77 2651.77 1.80025118805 355.204 36 0 0 
../data-atsp/ftv38.atsp 0.0002292 0.000420318 3564 2034 1.32941176471 4448.69 2918.69 1.90764052288 391.252 39 0 0 
../data-atsp/ftv44.atsp 0.000343879 0.000476447 4570 2957 1.8332300062 5203.71 3590.71 2.2261066336 421.083 45 0 0 
../data-atsp/ftv47.atsp 0.000414594 0.000493493 4397 2621 1.47578828829 5604.57 3828.57 2.15572635135 632.007 48 0 0 
../data-atsp/ftv55.atsp 0.000643087 0.000492329 5026 3418 2.12562189055 6097.57 4489.57 2.79202114428 574.805 56 0 0 
../data-atsp/ftv64.atsp 0.00102354 0.000753333 6157 4318 2.34801522567 7384.66 5545.66 3.01558455682 564.984 65 0 0 
../data-atsp/ftv70.atsp 0.00142045 0.00238531 6599 4649 2.3841025641 8051.85 6101.85 3.12915384615 663.924 71 0 0 
../data-atsp/p43.atsp 0.000324675 0.000555762 5835 215 0.038256227758 6059.46 439.46 0.0781957295374 174.319 43 0 0 
