../data-atsp/br17.atsp 0.00100503 8.37253e-005 42 3 0.0769230769231 78.2693 39.2693 1.00690512821 11.3825 17 1501.28 201.34 
../data-atsp/ft53.atsp 0.023 3.33763e-017 20308 13403 1.94105720492 21195.8 14290.8 2.06963070239 451.767 53 20216.5 220.33 
../data-atsp/ft70.atsp 0.044 3.97821e-017 64015 25342 0.655289219869 64930.1 26257.1 0.678951723425 688.351 70 32284.6 297.411 
../data-atsp/ftv170.atsp 1.623 6.76151e-016 21948 19193 6.9666061706 22530.1 19775.1 7.17789473684 232.853 171 559986 16405.4 
../data-atsp/ftv33.atsp 0.004 1.58262e-017 3007 1721 1.33825816485 3406.2 2120.2 1.64867807154 103.626 34 4510.14 167.47 
../data-atsp/ftv35.atsp 0.00502 0.000222711 3496 2023 1.37338764426 3819.36 2346.36 1.59291242363 106.775 36 5475.39 254.704 
../data-atsp/ftv38.atsp 0.006 1.91301e-017 3756 2226 1.45490196078 4093.98 2563.98 1.67580392157 98.0987 39 6331.51 183.713 
../data-atsp/ftv44.atsp 0.01 2.41133e-017 4598 2985 1.85058896466 4906.45 3293.45 2.04181649101 108.625 45 9703.81 212.328 
../data-atsp/ftv47.atsp 0.014 2.76817e-017 5029 3253 1.83164414414 5457.76 3681.76 2.07306306306 131.181 48 12999.3 334.173 
../data-atsp/ftv55.atsp 0.022 3.293e-017 5648 4040 2.51243781095 5915.67 4307.67 2.67889925373 138.293 56 18663.6 216.241 
../data-atsp/ftv64.atsp 0.037 3.82314e-017 6948 5109 2.77814029364 7193.04 5354.04 2.91138662316 118.545 65 28411 331.385 
../data-atsp/ftv70.atsp 0.051 4.04008e-017 7604 5654 2.89948717949 8014.8 6064.8 3.11015384615 152.757 71 36902.2 353.348 
../data-atsp/p43.atsp 0.008 2.18283e-017 6247 627 0.111565836299 11517.9 5897.9 1.04944839858 1364.01 43 7973.77 163.9 
../data-atsp/rbg323.atsp 16.5089 0.00919935 5545 4219 3.18174962293 5597.73 4271.73 3.2215158371 29.6006 323 3.15024e+006 23766.8 
../data-atsp/rbg358.atsp 24.804 1.05499e-014 6172 5009 4.30696474635 6238.55 5075.55 4.36418744626 26.8544 358 4.34365e+006 29240.4 
../data-atsp/rbg403.atsp 35.33 1.65947e-014 6901 4436 1.79959432049 6966.45 4501.45 1.82614604462 37.4781 403 5.47655e+006 128130 
../data-atsp/rbg443.atsp 54.6263 0.000862439 7522 4802 1.76544117647 7570.73 4850.73 1.78335661765 29.6467 443 7.49281e+006 383089 
../data-atsp/ry48p.atsp 0.017 3.24553e-017 39156 24734 1.7150187214 41701.6 27279.6 1.891526834 885.702 48 15448.6 939.594 
../data-atsp/br17.atsp 0.00100503 0.000158431 46 7 0.179487179487 77.8935 38.8935 0.997269230769 9.57387 17 1556.29 103.185 
