../data-atsp/ftv44.atsp 2.30158e-06 0.000151692 4499 2886 1.78921264724
../data-atsp/ftv47.atsp 2.46381e-06 0.000156946 5246 3470 1.95382882883
../data-atsp/rbg323.atsp 1.58672e-05 0.000398021 5660 4334 3.26847662142
../data-atsp/br17.atsp 1.0018e-06 0.000100085 49 10 0.25641025641
../data-atsp/rbg358.atsp 1.88189e-05 0.000433399 6297 5134 4.41444539983
../data-atsp/ry48p.atsp 2.58115e-06 0.000160639 39274 24852 1.72320066565
../data-atsp/p43.atsp 2.33218e-06 0.000152697 6351 731 0.130071174377
../data-atsp/rbg443.atsp 2.32299e-05 0.000481414 7698 4978 1.83014705882
../data-atsp/ftv55.atsp 2.9059e-06 0.000170442 5626 4018 2.49875621891
../data-atsp/ftv38.atsp 2.11585e-06 0.000145444 3714 2184 1.42745098039
../data-atsp/rbg403.atsp 2.02708e-05 0.000449775 7069 4604 1.8677484787
../data-atsp/ftv33.atsp 1.8387e-06 0.000135586 3030 1744 1.35614307932
../data-atsp/ft70.atsp 3.63451e-06 0.000190609 63973 25300 0.654203190857
../data-atsp/ft53.atsp 2.71571e-06 0.000164772 20202 13297 1.92570601014
../data-atsp/ftv70.atsp 3.51177e-06 0.000187364 7818 5868 3.00923076923
../data-atsp/ftv64.atsp 3.42936e-06 0.000185153 6977 5138 2.79390973355
../data-atsp/ftv35.atsp 1.90442e-06 0.000137988 3485 2012 1.36591989138
../data-atsp/ftv170.atsp 8.40124e-06 0.000289727 22854 20099 7.29546279492
