../data-atsp/br17.atsp 0.00101215 0.000190499 46 7 0.179487179487 78.5071 39.5071 1.0130025641 10.635 17 1477.01 251.838 
../data-atsp/ft53.atsp 0.00918349 0.000814605 19992 13087 1.89529326575 21605.2 14700.2 2.12892107169 498 53 6560.07 1444.05 
../data-atsp/ft70.atsp 0.016 2.92047e-017 63694 25021 0.646988855274 65644.5 26971.5 0.69742455977 650.292 70 11595.8 246.306 
../data-atsp/ftv170.atsp 0.324182 0.00689951 22681 19926 7.23266787659 23140.2 20385.2 7.39934664247 263.578 171 104206 26793.5 
../data-atsp/ftv33.atsp 0.00404435 0.000394069 3105 1819 1.41446345257 3401.93 2115.93 1.64535769829 110.703 34 4323.05 673.585 
../data-atsp/ftv35.atsp 0.00714286 0.0151726 3496 2023 1.37338764426 3891.95 2418.95 1.6421928038 187.997 36 3672.73 1191.79 
../data-atsp/ftv38.atsp 0.0030303 0.000328896 3767 2237 1.46209150327 4157.83 2627.83 1.71753594771 118.311 39 3111.14 227.214 
../data-atsp/ftv44.atsp 0.00504523 0.000392089 4306 2693 1.66955982641 4975.33 3362.33 2.08451952883 131.625 45 4710.49 476.881 
../data-atsp/ftv47.atsp 0.0149552 0.0188549 4967 3191 1.79673423423 5486.6 3710.6 2.0893018018 150.973 48 9724.39 1093.37 
../data-atsp/ftv55.atsp 0.012 0.00672834 5678 4070 2.53109452736 6047.6 4439.6 2.76094527363 119.587 56 7687.07 1585.68 
../data-atsp/ftv64.atsp 0.0162742 0.00177954 6797 4958 2.69603045133 7278.65 5439.65 2.95793909734 146.886 65 11613.5 1417.83 
../data-atsp/ftv70.atsp 0.0216383 0.00283163 7832 5882 3.01641025641 8214.98 6264.98 3.21281025641 179.806 71 12112.1 3775.54 
../data-atsp/p43.atsp 0.00696528 0.00793762 6339 719 0.12793594306 12420.1 6800.1 1.20998220641 2556.37 43 3884.7 1279.44 
../data-atsp/rbg323.atsp 3.26609 0.0144377 5586 4260 3.21266968326 5655.45 4329.45 3.26504524887 33.2658 323 505245 68710.2 
../data-atsp/rbg358.atsp 5.13827 0.0184789 6235 5072 4.3611349957 6291.09 5128.09 4.40936371453 31.4222 358 723329 106673 
../data-atsp/rbg403.atsp 4.86309 0.00028748 6957 4492 1.82231237323 7068.09 4603.09 1.86737931034 52.2919 403 737201 13108.9 
../data-atsp/rbg443.atsp 7.83218 0.000385695 7561 4841 1.77977941176 7623.64 4903.64 1.80280882353 33.7377 443 1.0217e+006 58502.2 
../data-atsp/ry48p.atsp 0.007 2.23105e-017 37601 23179 1.6071973374 42261.3 27839.3 1.93033559839 1206.05 48 6402.58 167.654 
