../data-atsp/br17.atsp 0.00104167 0.000546135 76 37 0.948717948718 248.381 209.381 5.36874358974 58.2905 17 0 0 
../data-atsp/ft53.atsp 0.009 2.29424e-017 22950 16045 2.32367849385 26008.3 19103.3 2.76658942795 1201.35 53 0 0 
../data-atsp/ft70.atsp 0.016 2.92047e-017 68566 29893 0.772968220722 72403.7 33730.7 0.872202828847 1656.21 70 0 0 
../data-atsp/ftv170.atsp 0.322 1.3494e-016 25881 23126 8.3941923775 26480.3 23725.3 8.61172413793 491.594 171 0 0 
../data-atsp/ftv33.atsp 0.00418828 0.00155852 3664 2378 1.84914463453 4378.49 3092.49 2.40473561431 279.24 34 0 0 
../data-atsp/ftv35.atsp 0.00485437 0.00267824 4200 2727 1.85132382892 4882.22 3409.22 2.31447386286 286.993 36 0 0 
../data-atsp/ftv38.atsp 0.00303636 0.000431922 3857 2327 1.52091503268 5180.65 3650.65 2.38604575163 319.266 39 0 0 
../data-atsp/ftv44.atsp 0.00504523 0.000416934 5267 3654 2.26534407936 6189.31 4576.31 2.83714197148 335.207 45 0 0 
../data-atsp/ftv47.atsp 0.0116628 0.00154476 6107 4331 2.43862612613 6857.05 5081.05 2.86095157658 318.653 48 0 0 
../data-atsp/ftv55.atsp 0.0129259 0.0114404 6619 5011 3.11629353234 7369.98 5761.98 3.58332089552 402.034 56 0 0 
../data-atsp/ftv64.atsp 0.016 2.92047e-017 7468 5629 3.06090266449 8732.79 6893.79 3.74866231648 398.47 65 0 0 
../data-atsp/ftv70.atsp 0.0212766 0.000960986 8908 6958 3.56820512821 9723.74 7773.74 3.98653333333 361.598 71 0 0 
../data-atsp/p43.atsp 0.00503015 0.0003602 17143 11523 2.05035587189 25685 20065.0 3.57028469751 3464.53 43 0 0 
../data-atsp/rbg323.atsp 3.25936 0.000881396 6067 4741 3.5754147813 6227.36 4901.36 3.69634992459 90.338 323 0 0 
../data-atsp/rbg358.atsp 5.13255 0.00305595 6751 5588 4.80481513328 6910.91 5747.91 4.94231298366 119.53 358 0 0 
../data-atsp/rbg403.atsp 4.863 2.41016e-015 7330 4865 1.97363083164 7676.18 5211.18 2.11406896552 172.649 403 0 0 
../data-atsp/rbg443.atsp 7.83591 0.00773956 8103 5383 1.97904411765 8250.09 5530.09 2.03312132353 107.663 443 0 0 
../data-atsp/ry48p.atsp 0.007 2.23105e-017 47987 33565 2.32734710858 54866.6 40444.6 2.80436832617 3373.22 48 0 0 
