../data-atsp/br17.atsp 0.001002 6.32772e-005 51 12 0.307692307692 77.9329 38.9329 0.998279487179 9.49636 17 1550.51 82.7071 
../data-atsp/ft53.atsp 0.032 3.67172e-017 18384 11479 1.66241853729 20774.6 13869.6 2.0086314265 765.532 53 28268.9 321.183 
../data-atsp/ft70.atsp 0.078 3.67172e-017 63450 24777 0.640679543868 64696.5 26023.5 0.672911333488 649.765 70 56815.7 623.594 
../data-atsp/ftv170.atsp 2.813 1.26319e-015 22419 19664 7.13756805808 22620.6 19865.6 7.21074410163 145.239 171 976252 12149.4 
../data-atsp/ftv33.atsp 0.00601198 0.000108778 3017 1731 1.34603421462 3353.5 2067.5 1.60769828927 99.87 34 6835.98 292.723 
../data-atsp/ftv35.atsp 0.007 2.23105e-017 3373 1900 1.28988458927 3787.38 2314.38 1.57120162933 100.594 36 7731.34 423.503 
../data-atsp/ftv38.atsp 0.0101212 0.000807449 3776 2246 1.46797385621 4049.94 2519.94 1.64701960784 95.8376 39 10233.9 1451.53 
../data-atsp/ftv44.atsp 0.016 2.92047e-017 4335 2722 1.68753874768 4824.41 3211.41 1.99095474272 122.969 45 15578.3 391.113 
../data-atsp/ftv47.atsp 0.02 3.19792e-017 4915 3139 1.76745495495 5409.82 3633.82 2.04606981982 130.207 48 18622.6 444.053 
../data-atsp/ftv55.atsp 0.035 4.05219e-017 5501 3893 2.4210199005 5903.55 4295.55 2.6713619403 140.855 56 29685.4 552.381 
../data-atsp/ftv64.atsp 0.064 3.92523e-017 6657 4818 2.61990212072 7081.06 5242.06 2.85049483415 190.171 65 49060.6 394.635 
../data-atsp/ftv70.atsp 0.086 4.00617e-017 7500 5550 2.84615384615 7930.75 5980.75 3.06705128205 164.471 71 61325.1 1180.55 
../data-atsp/p43.atsp 0.011 2.7219e-017 6292 672 0.119572953737 11001.8 5381.8 0.957615658363 1816.87 43 10918.3 430.808 
