../data-atsp/br17.atsp 0.0010101 0.000118488 80 41 1.05128205128 249.631 210.631 5.40079487179 60.9058 17 0 0 0 0 
../data-atsp/ft53.atsp 0.031 3.88835e-017 23570 16665 2.41346850109 25740.1 18835.1 2.72774800869 1178.49 53 0 0 0 0
../data-atsp/ft70.atsp 0.078 3.67172e-017 70944 32271 0.834458149096 72518.4 33845.4 0.875168722364 1440.17 70 0 0 0 0
../data-atsp/ftv170.atsp 3.07045 0.00918857 25224 22469 8.1557168784 26448.9 23693.9 8.60032667877 704.846 171 0 0 0 0
../data-atsp/ftv33.atsp 0.01008 0.000611228 3653 2367 1.84059097978 4366.88 3080.88 2.39570762053 299.979 34 0 0 0 0
../data-atsp/ftv35.atsp 0.00814634 0.00085238 4159 2686 1.82348947726 4864.76 3391.76 2.30262050238 300.787 36 0 0 0 0
../data-atsp/ftv38.atsp 0.0160317 0.000249969 4198 2668 1.74379084967 5151.27 3621.27 2.36684313725 281.865 39 0 0 0 0
../data-atsp/ftv44.atsp 0.016 2.92047e-017 5125 3512 2.17730936144 6188.79 4575.79 2.83681959082 401.265 45 0 0 0 0 
../data-atsp/ftv47.atsp 0.0246341 0.00668729 6009 4233 2.38344594595 6792.46 5016.46 2.82458333333 363.825 48 0 0 0 0
../data-atsp/ftv55.atsp 0.0793077 0.0401543 7003 5395 3.35509950249 7286.54 5678.54 3.53143034826 172.919 56 0 0 0 0
../data-atsp/ftv64.atsp 0.159 0.00286039 8590 6751 3.67101685699 9020.82 7181.82 3.90528548124 305.313 65 0 0 0 0
../data-atsp/ftv70.atsp 0.095 0.0077811 9055 7105 3.64358974359 9659 7709.0 3.95333333333 269.916 71 0 0 0 0
../data-atsp/p43.atsp 0.0121205 0.000897085 17502 11882 2.11423487544 25680.8 20060.8 3.56953736655 2984.28 43 0 0 0 0 
../data-atsp/rbg323.atsp 33.3993 0.00402472 5832 4506 3.39819004525 6180.18 4854.18 3.66076923077 139.767 323 0 0 0 0
../data-atsp/rbg358.atsp 49.525 2.0211e-014 6803 5640 4.84952708512 7003.55 5840.55 5.02196904557 139.242 358 0 0 0 0
../data-atsp/rbg403.atsp 65.3055 0.0118119 7466 5001 2.02880324544 7717.27 5252.27 2.13073833671 153.485 403 0 0 0 0
../data-atsp/rbg443.atsp 109.79 0.00517464 7991 5271 1.93786764706 8215.36 5495.36 2.02035294118 132.678 443 0 0 0 0
../data-atsp/ry48p.atsp 0.0260513 0.000316124 47494 33072 2.29316322285 55258.8 40836.8 2.83156289003 3255.89 48 0 0 0 0 
