../data-atsp/br17.atsp 3.51351e-006 5.97615e-005 51 12 0.307692307692 247.126 208.126 5.33656410256 58.9145 17 
../data-atsp/ft53.atsp 1.05834e-005 0.00010233 18897 11992 1.73671252715 26126 19221.0 2.78363504707 1162.16 53 
../data-atsp/ft70.atsp 1.37086e-005 0.000116514 63916 25243 0.65272929434 72125.7 33452.7 0.865014351098 1682.78 70 
../data-atsp/ftv170.atsp 3.39397e-005 0.000181074 22994 20239 7.34627949183 26278.1 23523.1 8.53833030853 787.681 171 
../data-atsp/ftv33.atsp 6.70268e-006 8.17592e-005 3121 1835 1.42690513219 4367.87 3081.87 2.39647744946 266.241 34 
../data-atsp/ftv35.atsp 7.11344e-006 8.41253e-005 3598 2125 1.44263408011 4868.1 3395.1 2.30488798371 288.574 36 
../data-atsp/ftv38.atsp 7.8974e-006 8.85157e-005 3716 2186 1.42875816993 5178.16 3648.16 2.38441830065 296.133 39 
../data-atsp/ftv44.atsp 9.01088e-006 9.4497e-005 4626 3013 1.86794792312 6163.83 4550.83 2.82134531928 337.883 45 
../data-atsp/ftv47.atsp 9.55977e-006 9.73056e-005 5225 3449 1.9420045045 6833.58 5057.58 2.84773648649 358.878 48 
../data-atsp/ftv55.atsp 1.12704e-005 0.000105988 5887 4279 2.66106965174 7380.13 5772.13 3.58963308458 365.232 56 
../data-atsp/ftv64.atsp 1.30273e-005 0.000113391 6541 4702 2.55682436107 8792.52 6953.52 3.78114192496 398.887 65 
../data-atsp/ftv70.atsp 1.39987e-005 0.000117485 7825 5875 3.01282051282 9778.26 7828.26 4.01449230769 428.311 71 
../data-atsp/p43.atsp 8.56487e-006 9.21494e-005 6316 696 0.12384341637 25527.4 19907.4 3.54224199288 3346.71 43 
../data-atsp/rbg323.atsp 6.37959e-005 0.000244389 5714 4388 3.30920060332 6198.99 4872.99 3.67495475113 124.759 323 
../data-atsp/rbg358.atsp 7.98339e-005 0.000271624 6356 5193 4.46517626827 6917.81 5754.81 4.94824591574 142.252 358 
../data-atsp/rbg403.atsp 0.000103455 0.000586466 7124 4659 1.89006085193 7688.77 5223.77 2.11917647059 144.498 403 
../data-atsp/rbg443.atsp 0.000122369 0.000327712 7665 4945 1.81801470588 8261.36 5541.36 2.03726470588 140.755 443 
../data-atsp/ry48p.atsp 1.00666e-005 9.98264e-005 39855 25433 1.76348634031 54661 40239.0 2.79011232839 3439.68 48 
