../data-atsp/ftv44.atsp 1 0 4236 2623 1.62616243025
../data-atsp/ftv47.atsp 1 0 4927 3151 1.77421171171
../data-atsp/rbg323.atsp 1 0 5538 4212 3.17647058824
../data-atsp/br17.atsp 1 0 42 3 0.0769230769231
../data-atsp/rbg358.atsp 1 0 6211 5048 4.34049871023
../data-atsp/ry48p.atsp 1 0 37028 22606 1.56746637082
../data-atsp/p43.atsp 1 0 6270 650 0.115658362989
../data-atsp/rbg443.atsp 1 0 7627 4907 1.80404411765
../data-atsp/ftv55.atsp 1 0 5519 3911 2.43221393035
../data-atsp/ftv38.atsp 1 0 3547 2017 1.31830065359
../data-atsp/rbg403.atsp 1 0 7052 4587 1.86085192698
../data-atsp/ftv33.atsp 1 0 2865 1579 1.22783825816
../data-atsp/ft70.atsp 1 0 61839 23166 0.599022573889
../data-atsp/ft53.atsp 1 0 18970 12065 1.74728457639
../data-atsp/ftv70.atsp 1 0 7573 5623 2.88358974359
../data-atsp/ftv64.atsp 1 0 6664 4825 2.62370853725
../data-atsp/ftv35.atsp 1 0 3329 1856 1.26001357773
../data-atsp/ftv170.atsp 1 0 22378 19623 7.12268602541
