../data-atsp/ry48p.atsp 0.634545 1.50674 16471 2049 0.142074608237 33755.6 19333.6 1.34056302871 18412.4 48 11464.5 33142.5 4.90517e+06 1.14589e+07 
../data-atsp/ft70.atsp 0.875455 1.92623 41722 3049 0.07884053474 47982.3 9309.3 0.240718330618 11112.9 70 12777.2 36632.4 4.99538e+06 1.05335e+07 
../data-atsp/ry48p.atsp 0.775455 1.85751 15680 1258 0.0872278463459 27894.4 13472.4 0.934156150326 18436.1 48 12014.4 35187.9 5.90828e+06 1.3999e+07 
../data-atsp/ft70.atsp 0.818182 2.0833 42345 3672 0.0949499650919 56700.1 18027.1 0.466141752644 14617.5 70 12467.7 37270.3 4.59124e+06 1.13356e+07 
../data-atsp/ftv44.atsp 0.818182 1.80134 1874 261 0.161810291383 3093.82 1480.82 0.918053316801 1749.58 45 19068.4 56303.6 6.38377e+06 1.38685e+07 
../data-atsp/ftv47.atsp 0.81 1.79332 2094 318 0.179054054054 4386.36 2610.36 1.4697972973 2300.96 48 18780.6 55296.1 6.00534e+06 1.28116e+07 
../data-atsp/rbg323.atsp 10.3618 25.3425 1648 322 0.242835595777 4142.91 2816.91 2.12436651584 2244.47 323 28482.6 86393.3 1.21024e+07 2.58178e+07 
../data-atsp/br17.atsp 0.489091 1.54664 39 0 0.0 45.1818 6.1818 0.158507692308 5.686 17 25788.2 81453.6 7.01439e+06 2.21554e+07 
../data-atsp/rbg358.atsp 13.7318 34.5212 1516 353 0.303525365434 4025.64 2862.64 2.46142734308 2608.91 358 28785.1 87402 1.4719e+07 3.29853e+07 
../data-atsp/ry48p.atsp 0.659091 1.69484 15475 1053 0.0730134516711 43593.2 29171.2 2.02268756067 16911.6 48 11504.1 34403 4.98216e+06 1.26888e+07 
../data-atsp/p43.atsp 1.09818 2.61798 5655 35 0.00622775800712 15912 10292.0 1.83131672598 11210.5 43 26507.1 78897.4 8.83453e+06 2.06351e+07 
../data-atsp/rbg443.atsp 14.5527 37.1832 3050 330 0.121323529412 6352.45 3632.45 1.33545955882 2464.48 443 28822.9 87838.2 9.86741e+06 2.12767e+07 
../data-atsp/ftv55.atsp 0.891818 1.9106 2070 462 0.287313432836 4934.55 3326.55 2.06875 2574.79 56 18679.4 54436.7 5.74505e+06 1.17219e+07 
../data-atsp/ftv38.atsp 0.626364 1.63562 1676 146 0.0954248366013 3394.91 1864.91 1.21889542484 1687.66 39 18716.8 57003.3 5.16511e+06 1.3353e+07 
../data-atsp/rbg403.atsp 13.5118 30.6596 2646 181 0.0734279918864 4169.27 1704.27 0.691387423935 2118.37 403 29424.3 86718.9 1.1151e+07 2.00706e+07 
../data-atsp/ftv33.atsp 0.569091 1.72694 1528 242 0.188180404355 2193.36 907.36 0.705567651633 1019.8 34 18892.6 59194.6 5.43296e+06 1.65654e+07 
../data-atsp/ft70.atsp 0.809091 1.87615 41888 3215 0.0831329351227 55970.2 17297.2 0.447268119877 14483.2 70 12430.2 35852.6 4.38702e+06 9.73615e+06 
../data-atsp/ft53.atsp 0.713636 1.52471 8552 1647 0.238522809558 15247.4 8342.4 1.20816799421 8275.44 53 14622.7 42713.8 4.92006e+06 1.00787e+07 
../data-atsp/ftv70.atsp 1.12545 2.85254 2514 564 0.289230769231 5958.64 4008.64 2.05571282051 3387.71 71 18853.5 57017 6.14809e+06 1.51762e+07 
../data-atsp/ftv64.atsp 1.2 2.47179 2397 558 0.303425774878 5289.45 3450.45 1.87626427406 3087.02 65 19216.5 56218.6 7.04634e+06 1.39821e+07 
../data-atsp/ftv35.atsp 0.556364 1.61112 1636 163 0.110658520027 2085 612.0 0.415478615071 882.599 36 18597.5 57699.2 5.06241e+06 1.46215e+07 
../data-atsp/ftv170.atsp 6.09545 12.7934 4614 1859 0.674773139746 16697.1 13942.1 5.06065335753 10290.7 171 20663.1 61027.8 1.64721e+07 3.25536e+07 
