../data-atsp/br17.atsp 0.000315557 0.000478784 39 0 0.0 47.4787 8.4787 0.217402564103 6.954 17 932.044 187.022 
../data-atsp/ft53.atsp 0.0306061 0.00377343 9581 2676 0.38754525706 10810 3905.0 0.565532223027 791.548 53 52990.4 6517.39 
../data-atsp/ft70.atsp 0.0779286 0.00936913 44665 5992 0.154940139115 45878.1 7205.1 0.186308277093 903.27 70 114195 13765.5 
../data-atsp/ftv170.atsp 3.06618 0.61617 7082 4327 1.57059891107 7673.27 4918.27 1.78521597096 320.2 171 1.89748e+006 129467 
../data-atsp/ftv33.atsp 0.00952381 0.0218637 1514 228 0.177293934681 1797.66 511.66 0.397869362364 122.749 34 12513 1733.23 
../data-atsp/ftv35.atsp 0.00755639 0.00265685 1716 243 0.164969450102 2040.96 567.96 0.385580448065 148.362 36 15067.9 2150.77 
../data-atsp/ftv38.atsp 0.0150597 0.0110032 1884 354 0.23137254902 2164.64 634.64 0.414797385621 131.763 39 18867.9 2463.71 
../data-atsp/ftv44.atsp 0.0152121 0.00269407 1966 353 0.218846869188 2471.44 858.44 0.532200867948 186.485 45 29100 4332.07 
../data-atsp/ftv47.atsp 0.0213617 0.00917078 2402 626 0.352477477477 2683.85 907.85 0.511176801802 179.168 48 35376 4158.72 
../data-atsp/ftv55.atsp 0.056 0.0225093 2332 724 0.450248756219 2704.17 1096.17 0.681697761194 223.789 56 59461.1 7904.98 
../data-atsp/ftv64.atsp 0.157818 0.0886011 2971 1132 0.615551930397 3255.27 1416.27 0.77013050571 265.813 65 91330.9 12557.1 
../data-atsp/ftv70.atsp 0.0916364 0.00559663 3153 1203 0.616923076923 3451.09 1501.09 0.76978974359 178.405 71 128994 7890.67 
../data-atsp/p43.atsp 0.0119405 0.00217864 5650 30 0.00533807829181 8453.55 2833.55 0.504190391459 2673.68 43 22037.5 3262.12 
../data-atsp/rbg323.atsp 33.3978 3.59973 1667 341 0.257164404223 1724.45 398.45 0.300490196078 43.1411 323 1.12185e+007 554394 
../data-atsp/rbg358.atsp 49.5246 2.95145 1577 414 0.355975924334 1667.64 504.64 0.433912295787 46.8407 358 1.54587e+007 370071 
../data-atsp/rbg403.atsp 65.3001 3.35473 2706 241 0.0977687626775 2766.55 301.55 0.122332657201 43.1348 403 1.9669e+007 799518 
../data-atsp/rbg443.atsp 109.787 8.26246 2964 244 0.0897058823529 3036.45 316.45 0.116341911765 37.8402 443 2.67542e+007 773249 
../data-atsp/ry48p.atsp 0.025325 0.00322015 16975 2553 0.177021217584 19927.5 5505.5 0.381743170157 1710.2 48 46332.6 5857.93 
