../data-atsp/ftv44.atsp 0.00561798 0.00496166 1967 354 0.21946683199
../data-atsp/ftv47.atsp 0.00740741 0.00438228 2231 455 0.256193693694
../data-atsp/rbg323.atsp 12.4555 0.755325 1642 316 0.238310708899
../data-atsp/br17.atsp 8.8433e-05 0.000936221 39 0 0.0
../data-atsp/rbg358.atsp 18.7373 0.613901 1585 422 0.362854686156
../data-atsp/ry48p.atsp 0.00970874 0.0035407 16802 2380 0.165025655249
../data-atsp/p43.atsp 0.00431034 0.00495221 5657 37 0.00658362989324
../data-atsp/rbg443.atsp 42.1436 1.73946 3023 303 0.111397058824
../data-atsp/ftv55.atsp 0.0140278 0.00490457 2225 617 0.383706467662
../data-atsp/ftv38.atsp 0.00340136 0.00473755 1824 294 0.192156862745
../data-atsp/rbg403.atsp 26.9345 0.620826 2691 226 0.0916835699797
../data-atsp/ftv33.atsp 0.00178253 0.00382726 1477 191 0.148522550544
../data-atsp/ft70.atsp 0.031875 0.00526634 43907 5234 0.135339901223
../data-atsp/ft53.atsp 0.0116279 0.00369175 9226 2321 0.336133236785
../data-atsp/ftv70.atsp 0.034 0.00553775 2929 979 0.502051282051
../data-atsp/ftv64.atsp 0.0374074 0.00643635 2844 1005 0.546492659054
../data-atsp/ftv35.atsp 0.00228311 0.00419744 1700 227 0.154107264087
../data-atsp/ftv170.atsp 1.15273 0.0860329 5937 3182 1.15499092559
