../data-atsp/br17.atsp 0.00651948 0.00206146 39 0 0.0 45.7532 6.7532 0.173158974359 6.16685 17 106.318 2.10042 28918.5 571.313 
../data-atsp/ft53.atsp 0.317 0.118095 7499 594 0.0860246198407 9142.55 2237.55 0.324047791455 815.857 53 335.636 117.175 925014 322933 
../data-atsp/ft70.atsp 0.709364 0.26915 41067 2394 0.0619036537119 42838.8 4165.8 0.107718563339 847.6 70 351.455 137.704 1.69753e+006 665111 
../data-atsp/ftv170.atsp 20.2809 7.44467 4603 1848 0.670780399274 5720.73 2965.73 1.07649001815 671.407 171 839.818 285.113 2.44135e+007 8.28823e+006 
../data-atsp/ftv33.atsp 0.05035 0.0128463 1468 182 0.141524105754 1655.9 369.9 0.287636080871 107.89 34 173.1 43.0963 194218 48354 
../data-atsp/ftv35.atsp 0.0732857 0.0309918 1709 236 0.16021724372 1801.71 328.71 0.223156822811 73.2456 36 219.071 93.278 276030 117530 
../data-atsp/ftv38.atsp 0.0773846 0.0200597 1705 175 0.114379084967 1855.85 325.85 0.212973856209 119.259 39 187.615 47.3896 278046 70231.4 
../data-atsp/ftv44.atsp 0.157727 0.0453233 1771 158 0.0979541227526 2006.64 393.64 0.244042157471 168.113 45 265.273 76.5792 525240 151627 
../data-atsp/ftv47.atsp 0.193636 0.0637199 1983 207 0.116554054054 2205.73 429.73 0.24196509009 140.807 48 274.818 91.169 619990 205677 
../data-atsp/ftv55.atsp 0.306909 0.0910409 1938 330 0.205223880597 2156.18 548.18 0.340907960199 148.576 56 287.818 85.7054 886480 263973 
../data-atsp/ftv64.atsp 0.554909 0.12684 2430 591 0.321370309951 2591.27 752.27 0.409064709081 112.473 65 347.455 79.856 1.44541e+006 332201 
../data-atsp/ftv70.atsp 0.598636 0.14815 2654 704 0.361025641026 2937.82 987.82 0.506574358974 182.62 71 295.273 73.2978 1.46751e+006 364290 
../data-atsp/p43.atsp 0.0737857 0.0138625 5688 68 0.0120996441281 9516.71 3896.71 0.693364768683 2396.76 43 139.357 25.8557 251679 46695.3 
../data-atsp/rbg323.atsp 81.5798 16.4135 1558 232 0.174962292609 1682.73 356.73 0.269027149321 53.6488 323 470.364 76.8378 4.89206e+007 7.99159e+006 
../data-atsp/rbg358.atsp 107.207 20.2353 1531 368 0.316423043852 1591.82 428.82 0.36871883061 43.0324 358 523.636 93.2126 6.69239e+007 1.19131e+007 
../data-atsp/rbg403.atsp 159.763 16.1225 2643 178 0.0722109533469 2686.64 221.64 0.0899148073022 31.6322 403 539.091 54.2577 8.7336e+007 8.79008e+006 
../data-atsp/rbg443.atsp 247.563 56.0839 2941 221 0.08125 2983.73 263.73 0.0969595588235 36.2343 443 644 145.764 1.26099e+008 2.85416e+007 
../data-atsp/ry48p.atsp 0.225273 0.0596522 14825 403 0.0279434197753 16472.9 2050.9 0.142206351408 927.925 48 322 84.9492 726432 191645 
